0.1 0.2 0.25 0.45
Tom Jones 101101032 75 87 79 92
Tim James 101101033 80 87 90 92
Tammy Kaye 101101034 100 87 65 93
Ben Robert 101101035 75 81 78 90
Aaron Jones 101101036 55 66 77 88
Carol Lime 101101037 95 77 77 90
Danny White 101101038 80 87 69 85
Evelyn Hills 101101039 74 88 91 97
Fanny Man 101101040 86 87 89 92
Gigi Nick 101101041 76 88 90 94
Helen Patrick 101101042 72 80 89 82
Irene Queen 101101043 83 85 88 92
Jackson Ren 101101044 100 85 95 100
Leo Shing 101101045 89 93 94 97
Zoe Wu 101101046 86 87 100 93
